0.0633782646765, 77, 10000
0.0521995713222, 51, 10000
0.0232597279471, 0, 10000
0.0388479606493, 0, 10000
0.0432785879738, 39, 10000
0.0230086208206, 1, 10000
0.0646229211366, 76, 10000
0.0488789774724, 46, 10000
0.0499057572225, 35, 10000
0.0197427251055, 0, 10000
0.0242150296745, 5, 10000
0.0829786476464, 220, 10000
0.0175740610445, 1, 10000
0.0282604105088, 7, 10000
0.0549140188811, 38, 10000
0.0195459304371, 1, 10000
0.0232986710004, 2, 10000
0.0152576375666, 2, 10000
0.0511967146343, 24, 10000
0.0182210735504, 1, 10000
0.0184657024321, 6, 10000
0.0329936833726, 16, 10000
0.0339174051195, 14, 10000
0.0346942151577, 0, 10000
0.0177975826877, 1, 10000
0.0150692259441, 0, 10000
0.0441975222819, 23, 10000
0.0357911086999, 1, 10000
0.0169676518716, 0, 10000
0.0487307044672, 38, 10000
0.0158517536768, 1, 10000
0.0502602272929, 41, 10000
0.0160087554165, 0, 10000
0.0173848643139, 7, 10000
0.0782355581979, 145, 10000
0.0147172475074, 3, 10000
0.0173479372828, 0, 10000
0.0127489020743, 1, 10000
0.031335700184, 11, 10000
0.0344307279877, 0, 10000
0.0145918318803, 2, 10000
0.0149330197929, 0, 10000
0.0312639979052, 16, 10000
0.0477964730309, 4, 10000
0.0224901714135, 2, 10000
0.0219347347936, 4, 10000
0.0168097884088, 4, 10000
0.0189874707022, 1, 10000
0.0176155111409, 1, 10000
0.0287532562114, 6, 10000
0.0524462731327, 7, 10000
0.0245560274452, 5, 10000
0.0274988278048, 13, 10000
0.0218658429816, 4, 10000
0.0219239298428, 1, 10000
0.0158542356365, 2, 10000
0.0151314261979, 3, 10000
0.0120401873521, 0, 10000
0.0131343423438, 0, 10000
0.0158849717239, 0, 10000
0.0138238434114, 1, 10000
0.0121232444032, 0, 10000
0.0128210294768, 1, 10000
0.0123852178257, 0, 10000
0.0541696993645, 57, 10000
0.0258826985147, 5, 10000
0.090476550691, 203, 10000
0.0563230957688, 65, 10000
0.0236057611242, 6, 10000
0.0414981847122, 3, 10000
0.0440183351203, 33, 10000
0.0193618155612, 1, 10000
0.0829077928228, 214, 10000
0.0618939085135, 53, 10000
0.0183311843176, 1, 10000
0.0367856608012, 0, 10000
0.0687272875781, 58, 10000
0.0489503933512, 2, 10000
0.0327135065687, 0, 10000
0.0397020559949, 3, 10000
0.0322239273177, 10, 10000
0.0448128630889, 1, 10000
0.0292115512786, 0, 10000
0.0545282162909, 7, 10000
0.0313047916296, 3, 10000
0.0130463994411, 0, 10000
0.0416853454163, 4, 10000
0.0184545812962, 0, 10000
0.0208209075781, 0, 10000
0.0192107317272, 0, 10000
0.030050214658, 0, 10000
0.0183711726072, 0, 10000
0.0137533081948, 1, 10000
0.0315376062404, 17, 10000
0.0138982349962, 0, 10000
0.0326661360641, 24, 10000
0.0189934508711, 5, 10000
0.02461493562, 7, 10000
0.0131646101475, 2, 10000
0.0225701401127, 4, 10000
0.0869799826621, 232, 10000
0.0545308668301, 28, 10000
0.0631899532466, 14, 10000
0.0125294615901, 2, 10000
0.0293019851497, 2, 10000
0.106036285962, 325, 10000
0.0384452269972, 0, 10000
0.0118139485435, 1, 10000
0.0302718135122, 0, 10000
0.015948246289, 1, 10000
0.0118551275354, 1, 10000
0.0274234615313, 0, 10000
0.0161072552981, 0, 10000
0.0217090234841, 0, 10000
0.019804269144, 0, 10000
0.0325351977406, 9, 10000
0.0144997503209, 0, 10000
0.011851620547, 1, 10000
0.014936948179, 1, 10000
0.0132724618231, 0, 10000
0.0147255175307, 1, 10000
0.0141644871313, 2, 10000
0.0133858555898, 1, 10000
0.0130271559717, 2, 10000
0.0119925448862, 1, 10000
0.0128597213273, 1, 10000
0.0138804185002, 0, 10000
0.0178418574632, 2, 10000
0.0451868631104, 35, 10000
0.0259280097903, 3, 10000
0.0161208662001, 0, 10000
0.0731655265187, 152, 10000
0.0131764271223, 1, 10000
0.0147801462491, 3, 10000
0.0230791172636, 6, 10000
0.0290604777954, 13, 10000
0.0226619580687, 7, 10000
0.0140029175031, 0, 10000
0.0508645097055, 41, 10000
0.0246805694763, 1, 10000
0.0358030745011, 1, 10000
0.0192369994084, 0, 10000
0.0665306539407, 58, 10000
0.0472426740734, 2, 10000
0.0640748800595, 78, 10000
0.0386703429267, 31, 10000
0.0158489537945, 1, 10000
0.0281116150796, 0, 10000
0.0257362685304, 4, 10000
0.0127065687681, 0, 10000
0.0421430434302, 1, 10000
0.0138444383417, 1, 10000
0.0650421610832, 83, 10000
0.06505759776, 90, 10000
0.0168255679597, 1, 10000
0.0188206103949, 1, 10000
0.02527629075, 0, 10000
0.0237954419438, 5, 10000
0.0163398522262, 0, 10000
0.026035402574, 0, 10000
0.0138662150138, 2, 10000
0.0442479409794, 28, 10000
0.026568521258, 2, 10000
0.0230159081786, 3, 10000
0.0386903374926, 22, 10000
0.0319755856477, 22, 10000
0.01562586076, 0, 10000
0.0148654421854, 3, 10000
0.0493450474281, 4, 10000
0.0171862264183, 1, 10000
0.0137089480598, 0, 10000
0.0149254402185, 1, 10000
0.0359517752004, 17, 10000
0.0675891768511, 91, 10000
0.0123639161228, 0, 10000
0.0198324125248, 4, 10000
0.0827062025321, 154, 10000
0.020862026034, 0, 10000
0.014257700727, 0, 10000
0.0138700598299, 0, 10000
0.0115253978959, 0, 10000
0.0131794237831, 0, 10000
0.01463445566, 3, 10000
0.012900904624, 1, 10000
0.0162912738784, 1, 10000
0.0165922718194, 0, 10000
0.0260732681971, 0, 10000
0.0202199797481, 3, 10000
0.0145713121307, 1, 10000
0.0162818046442, 0, 10000
0.0194606120656, 5, 10000
0.0143659592391, 3, 10000
0.020105259648, 2, 10000
0.0281629475227, 13, 10000
0.0295002916057, 16, 10000
0.0560398307966, 43, 10000
0.0339335376732, 9, 10000
0.0360834822679, 24, 10000
0.0379622570351, 0, 10000
0.0143600587653, 0, 10000
0.0413505111807, 34, 10000
0.0148799140111, 2, 10000
0.0124663406222, 0, 10000
0.0135439516387, 0, 10000
0.0833208007454, 206, 10000
0.0284033762175, 3, 10000
0.0197168153721, 3, 10000
0.0121293449166, 1, 10000
0.0390621465168, 35, 10000
0.0169188927899, 3, 10000
0.0153575164628, 2, 10000
0.0159052607661, 0, 10000
0.032590694943, 17, 10000
0.0852584249216, 164, 10000
0.0131533244434, 0, 10000
0.0272107648121, 0, 10000
0.0394196619689, 3, 10000
0.0139821181823, 0, 10000
0.0462950528903, 6, 10000
0.0202245669339, 3, 10000
0.0721371983233, 111, 10000
0.0451528966851, 31, 10000
0.0565279631349, 13, 10000
0.0141699192685, 0, 10000
0.0579765242584, 72, 10000
0.0145589366741, 1, 10000
0.0312537484361, 9, 10000
0.0149568038155, 3, 10000
0.0252588636241, 0, 10000
0.0181757847676, 4, 10000
0.0138972600702, 1, 10000
0.0121216657965, 0, 10000
0.032281537233, 0, 10000
0.0395804153001, 16, 10000
0.0166924546386, 0, 10000
0.0806462636374, 125, 10000
0.0192608386113, 4, 10000
0.0398799846927, 5, 10000
0.0361444826658, 0, 10000
0.0137747816611, 2, 10000
0.0146805274267, 3, 10000
0.02323051367, 1, 10000
0.0123516406475, 0, 10000
0.0216459822536, 2, 10000
0.0190905746941, 1, 10000
0.0184087554548, 2, 10000
0.0241792189883, 4, 10000
0.068492425069, 94, 10000
0.0187804891308, 1, 10000
0.0166690992641, 2, 10000
0.0159212889296, 2, 10000
0.0206442830215, 2, 10000
0.0147086058997, 3, 10000
0.0128009424774, 0, 10000
0.0155073359895, 0, 10000
0.0191688262838, 2, 10000
0.0383666914839, 2, 10000
0.0124797993315, 1, 10000
0.0354851454482, 0, 10000
0.0154598903221, 3, 10000
0.0273835178768, 2, 10000
0.0220500219167, 11, 10000
0.0189566751151, 3, 10000
0.0211619275871, 4, 10000
0.0139401345183, 0, 10000
0.016036092022, 1, 10000
0.0150250808578, 0, 10000
0.0179376048114, 2, 10000
0.0197194736267, 4, 10000
0.0964762438905, 225, 10000
0.0312551346975, 0, 10000
0.0167727082965, 2, 10000
0.0220667551477, 0, 10000
0.0185143786625, 5, 10000
0.0305980216466, 0, 10000
0.0137578527159, 0, 10000
0.0142334032502, 0, 10000
0.0874140038418, 264, 10000
0.0321944248322, 10, 10000
0.0671581309737, 95, 10000
0.0261676684888, 1, 10000
0.0249088158665, 1, 10000
0.0367412777503, 14, 10000
0.0684145703853, 68, 10000
0.0149207808726, 1, 10000
0.0249103328521, 7, 10000
0.0334403946398, 7, 10000
0.0321920229402, 0, 10000
0.0223725815966, 0, 10000
0.0459897558709, 44, 10000
0.0269614085864, 17, 10000
0.0386307335836, 16, 10000
0.0139407276492, 2, 10000
0.0288795698528, 7, 10000
0.0160476106659, 0, 10000
0.0149784530904, 2, 10000
0.0120242231833, 0, 10000
0.0329744978208, 8, 10000
0.0144038922996, 0, 10000
0.0478494174438, 15, 10000
0.0382548958826, 24, 10000
0.0272460850291, 0, 10000
0.0161981005474, 2, 10000
0.0140844880335, 0, 10000
0.0128215401484, 0, 10000
0.021148992968, 1, 10000
0.0309676496978, 17, 10000
0.0158591767778, 1, 10000
0.0126556237675, 0, 10000
0.0136529030785, 1, 10000
0.051221258445, 58, 10000
0.0186017295444, 2, 10000
0.0117671867418, 0, 10000
0.0177466065344, 3, 10000
0.0462590627266, 21, 10000
0.0132733520493, 0, 10000
0.0132583059639, 1, 10000
0.036465609125, 21, 10000
0.0123894237331, 2, 10000
0.0183043545293, 4, 10000
0.0133413576071, 1, 10000
0.0258680896472, 5, 10000
0.0785511507697, 132, 10000
0.0179820021607, 0, 10000
0.0124466047933, 1, 10000
0.0326626008141, 14, 10000
0.0487216640857, 19, 10000
0.0203578921064, 0, 10000
0.0325474207197, 7, 10000
0.0230043426866, 0, 10000
0.0594887167157, 70, 10000
0.0134095848396, 5, 10000
0.0215089989077, 5, 10000
0.0232632558044, 0, 10000
0.0167082988441, 0, 10000
0.0152637827634, 3, 10000
0.0508820451433, 27, 10000
0.0168426185368, 2, 10000
0.0184534959868, 0, 10000
0.0172101855808, 0, 10000
0.0629415916866, 84, 10000
0.028428912718, 0, 10000
0.0146975294363, 0, 10000
0.0602357458313, 38, 10000
0.0188227491663, 2, 10000
0.0197379427459, 1, 10000
0.0224611105799, 0, 10000
0.0146942739153, 0, 10000
0.0248922243526, 4, 10000
0.0440211033533, 22, 10000
0.0161738062151, 1, 10000
0.0140160617551, 4, 10000
0.0207499292159, 6, 10000
0.0154918841845, 0, 10000
0.0446774314958, 35, 10000
0.033142099779, 7, 10000
0.0150130427449, 1, 10000
0.0130753922696, 1, 10000
0.0183515142979, 0, 10000
0.012800635967, 3, 10000
0.0143257619003, 1, 10000
0.0253930499194, 17, 10000
0.0177958891527, 1, 10000
0.0207624221308, 2, 10000
0.0178252917655, 5, 10000
0.0280713091995, 0, 10000
0.02028476408, 1, 10000
0.0372078399057, 20, 10000
0.0315418058556, 0, 10000
0.0123547518863, 0, 10000
0.012157312466, 0, 10000
0.0168416808571, 0, 10000
0.014746168031, 4, 10000
0.0140660244884, 2, 10000
0.038433710326, 1, 10000
0.0136272543717, 4, 10000
0.0249380692895, 0, 10000
0.0755667658606, 113, 10000
0.0144981806133, 0, 10000
0.0139370498842, 1, 10000
0.0130366091796, 1, 10000
0.0127137402392, 0, 10000
0.0430142091628, 26, 10000
0.110307675796, 394, 10000
0.0150698528263, 3, 10000
0.0198827369459, 1, 10000
0.0114487134246, 0, 10000
0.0262100181156, 4, 10000
0.017866572975, 2, 10000
0.0362964498801, 12, 10000
0.0137621298718, 3, 10000
0.0145307932318, 0, 10000
0.0223255911574, 1, 10000
0.0127537851072, 0, 10000
0.0148396507552, 0, 10000
0.0275035262396, 6, 10000
0.0240459502919, 5, 10000
0.0377337435479, 0, 10000
0.0527424344843, 51, 10000
0.0812113665862, 139, 10000
0.0143404578322, 3, 10000
0.0266229773246, 10, 10000
0.0156111749276, 1, 10000
0.0304636915605, 6, 10000
0.0159293153602, 1, 10000
0.0137897114249, 0, 10000
0.0231271179289, 0, 10000
0.0381930324407, 17, 10000
0.0170406256009, 1, 10000
0.0302609685908, 0, 10000
0.0222111325435, 0, 10000
0.0249219415464, 1, 10000
0.0305198362921, 0, 10000
0.0266081606307, 5, 10000
0.0127235353468, 1, 10000
0.0135221761289, 0, 10000
0.0299186958444, 7, 10000
0.0156107175042, 0, 10000
0.0140832511205, 1, 10000
0.0492143522333, 43, 10000
0.0135279676816, 0, 10000
0.0231570924378, 7, 10000
0.0568866240207, 35, 10000
0.0666928663538, 97, 10000
0.021350168938, 7, 10000
0.0165554846939, 0, 10000
0.0376662666038, 2, 10000
0.0279803134446, 10, 10000
0.0688028102617, 128, 10000
0.0286824990162, 4, 10000
0.0397625418366, 20, 10000
0.0140231974566, 0, 10000
0.014113409105, 0, 10000
0.0351216883885, 11, 10000
0.0324265799686, 11, 10000
0.0291438013517, 1, 10000
0.0138814933211, 0, 10000
0.0137900600726, 0, 10000
0.0193659458755, 5, 10000
0.0388561146574, 3, 10000
0.0525267738584, 54, 10000
0.0216579281268, 4, 10000
0.0175412446816, 0, 10000
0.0140962868911, 0, 10000
0.0367416682638, 0, 10000
0.0181301262104, 3, 10000
0.0279548508024, 0, 10000
0.0144107090862, 2, 10000
0.0121862463263, 0, 10000
0.0129689970984, 0, 10000
0.041790275427, 28, 10000
0.0436636718849, 23, 10000
0.0115995241535, 1, 10000
0.0122614683958, 1, 10000
0.0388619529804, 27, 10000
0.0153693077415, 1, 10000
0.0368752429732, 12, 10000
0.0281091632659, 3, 10000
0.0147321266458, 0, 10000
0.0250665115048, 3, 10000
0.0244621614669, 3, 10000
0.0143122976533, 0, 10000
0.0713881420491, 108, 10000
0.0206255349856, 6, 10000
0.0868095534057, 239, 10000
0.0206026244995, 5, 10000
0.0429416539318, 3, 10000
0.031217712343, 7, 10000
0.0623876781855, 86, 10000
0.0228873856722, 7, 10000
0.0921398937295, 192, 10000
0.0148111143011, 0, 10000
0.0329214915395, 17, 10000
0.0168756356202, 0, 10000
0.0162032026789, 0, 10000
0.0149727182431, 0, 10000
0.0124609559637, 1, 10000
0.0181085142384, 0, 10000
0.0749017607757, 87, 10000
0.0382989711339, 25, 10000
0.0183569711695, 1, 10000
0.013271147139, 1, 10000
0.0640639141585, 78, 10000
0.022555452591, 0, 10000
0.0156303990869, 2, 10000
0.0222305372458, 3, 10000
0.0154781105509, 1, 10000
0.0211189234404, 6, 10000
0.0175777668952, 2, 10000
0.0232603986537, 0, 10000
0.0248637942574, 9, 10000
0.0508169396704, 2, 10000
0.0231504430218, 4, 10000
0.0209180923444, 0, 10000
0.0200679907414, 3, 10000
0.0588790532267, 12, 10000
0.0229363552941, 0, 10000
0.0141789064145, 1, 10000
0.0838615696437, 122, 10000
0.0137431199782, 0, 10000
0.0259940429311, 5, 10000
0.0203303146618, 3, 10000
0.0411346967917, 20, 10000
0.028627217936, 15, 10000
0.0162384107089, 2, 10000
0.0587443179793, 62, 10000
0.0143178335875, 0, 10000
0.0637121388186, 74, 10000
0.0213292946831, 0, 10000
0.0197435949786, 8, 10000
0.0279699544402, 0, 10000
0.0170510575526, 0, 10000
0.0524381464381, 57, 10000
0.0129805893988, 0, 10000
0.028702219518, 0, 10000
0.0195957663788, 0, 10000
0.0123553751084, 0, 10000
0.0240716227717, 0, 10000
0.0197687039953, 2, 10000
0.0131143257743, 1, 10000
0.0203601819166, 0, 10000
0.0247594792941, 13, 10000
0.0128464582971, 0, 10000
0.071319059722, 76, 10000
0.0164855585903, 2, 10000
0.0264588777134, 0, 10000
0.0182914255722, 2, 10000
0.0167851290161, 0, 10000
0.0203251495732, 6, 10000
0.01673604499, 2, 10000
0.0304011486277, 6, 10000
0.0314739625381, 5, 10000
0.0306494226219, 14, 10000
0.0167448762401, 3, 10000
0.0354085407825, 18, 10000
0.0338438891389, 2, 10000
0.0333234496142, 13, 10000
0.0139147012786, 3, 10000
0.0252825076643, 5, 10000
0.044208998685, 34, 10000
0.0144541397843, 0, 10000
0.0478551781827, 3, 10000
0.0294250209566, 3, 10000
0.0375928661139, 16, 10000
0.0158996824854, 0, 10000
0.0211738168001, 3, 10000
0.0259031597335, 4, 10000
0.0357354478963, 0, 10000
0.0595510827258, 76, 10000
0.0130062190486, 2, 10000
0.0448997565708, 13, 10000
0.038146759699, 3, 10000
0.0125327837834, 1, 10000
0.0168031622474, 3, 10000
0.0657288306732, 80, 10000
0.0598813898183, 71, 10000
0.0132264026458, 2, 10000
0.0289844226515, 6, 10000
0.0297194439309, 0, 10000
0.021860489895, 3, 10000
0.0317254571656, 11, 10000
0.0222377642008, 3, 10000
0.0261908340962, 4, 10000
0.0165492917648, 3, 10000
0.0162381706166, 0, 10000
0.0150911612663, 1, 10000
0.0966563390827, 231, 10000
0.0182796496076, 0, 10000
0.0302535082201, 1, 10000
0.0143831040315, 0, 10000
0.0196802418023, 2, 10000
0.0215526141626, 0, 10000
0.0158186396918, 0, 10000
0.0235894282172, 7, 10000
0.0173667171278, 3, 10000
0.0123833460872, 0, 10000
0.0214376366468, 6, 10000
0.0265483275322, 7, 10000
0.0184908871119, 3, 10000
0.0355639517844, 0, 10000
0.061773456038, 62, 10000
0.0168825692189, 2, 10000
0.0752739929217, 149, 10000
0.0146092346225, 0, 10000
0.014092866822, 1, 10000
0.0223236667784, 8, 10000
0.0130136415347, 2, 10000
0.0325375748994, 10, 10000
0.0565112280919, 8, 10000
0.0148984071401, 0, 10000
0.0629537045686, 69, 10000
0.0189874726331, 2, 10000
0.0127892615766, 1, 10000
0.0156605442134, 3, 10000
0.0264150170982, 1, 10000
0.0127782824363, 1, 10000
0.0629702872176, 71, 10000
0.0587353678387, 69, 10000
0.0326732743862, 9, 10000
0.018732750398, 3, 10000
0.0121743216685, 0, 10000
0.0142071850807, 1, 10000
0.0742330708757, 126, 10000
0.0143592359129, 0, 10000
0.0131969599718, 0, 10000
0.0149609723535, 1, 10000
0.0308031119126, 9, 10000
0.0165772015065, 4, 10000
0.0273331744698, 8, 10000
0.0167445035195, 0, 10000
0.0116638876793, 0, 10000
0.0237443657423, 3, 10000
0.0231689397619, 5, 10000
0.0199303013887, 3, 10000
0.0766220737796, 167, 10000
0.0529122991545, 58, 10000
0.0175032716001, 0, 10000
0.0670843524492, 100, 10000
0.0177702620207, 6, 10000
0.0171369036171, 0, 10000
0.0140402543867, 0, 10000
0.0142369367349, 2, 10000
0.014173186678, 0, 10000
0.0142331398464, 1, 10000
0.0128399265207, 0, 10000
0.0645279173274, 52, 10000
0.0274460804087, 2, 10000
0.0227205736626, 4, 10000
0.0327586669403, 12, 10000
0.0142265870029, 1, 10000
0.0139058057831, 1, 10000
0.0156106419327, 2, 10000
0.0166039110888, 4, 10000
0.0346974943309, 19, 10000
0.0583341638001, 62, 10000
0.04049542084, 6, 10000
0.0637912086378, 69, 10000
0.0173699280188, 3, 10000
0.0387289949051, 26, 10000
0.01437527645, 0, 10000
0.034626921705, 0, 10000
0.0476692595174, 21, 10000
0.0378411329841, 16, 10000
0.0263613728258, 11, 10000
0.0185175440152, 0, 10000
0.0188903033275, 0, 10000
0.0362908239244, 10, 10000
0.0159943520202, 1, 10000
0.0176893131666, 2, 10000
0.0152057820841, 1, 10000
0.0476959515494, 46, 10000
0.0185197325296, 1, 10000
0.0154561874196, 1, 10000
0.0277495298283, 8, 10000
0.01379222161, 2, 10000
0.0160310349717, 4, 10000
0.0347406215564, 15, 10000
0.0130111029648, 2, 10000
0.015477293773, 0, 10000
0.0219072340267, 1, 10000
0.112945528035, 389, 10000
0.0161947340069, 2, 10000
0.0192046887404, 0, 10000
0.0698688765016, 117, 10000
0.0833874685095, 200, 10000
0.0445202835741, 25, 10000
0.0671000947391, 56, 10000
0.0429816138732, 25, 10000
0.0159638383519, 0, 10000
0.0721835752045, 146, 10000
0.022755208698, 0, 10000
0.013617458015, 0, 10000
0.0376940441868, 19, 10000
0.0592268710025, 76, 10000
0.0550689128585, 63, 10000
0.0145775586772, 1, 10000
0.0165288892943, 0, 10000
0.0306934973568, 11, 10000
0.0311170230552, 6, 10000
0.0139881069972, 3, 10000
0.0170089835915, 0, 10000
0.061035136381, 76, 10000
0.0184485482878, 0, 10000
0.017881674217, 8, 10000
0.0158338601413, 0, 10000
0.0577426544869, 35, 10000
0.0123047841172, 0, 10000
0.0139653422235, 0, 10000
0.0152473366015, 1, 10000
0.0588419617503, 75, 10000
0.0396436065621, 3, 10000
0.0143366314844, 2, 10000
0.0284549809601, 9, 10000
0.0121043772013, 0, 10000
0.0129145701372, 1, 10000
0.0361092577831, 12, 10000
0.0189149067031, 1, 10000
0.0425331884142, 5, 10000
0.0142499468943, 2, 10000
0.0156322378147, 0, 10000
0.0485273011106, 24, 10000
0.0793551789791, 127, 10000
0.0180821913256, 1, 10000
0.0163417686614, 5, 10000
0.0410862911226, 3, 10000
0.0132434989332, 0, 10000
0.0262770217355, 4, 10000
0.0124525859107, 0, 10000
0.0514272963105, 21, 10000
0.0132910205257, 1, 10000
0.0158133585813, 4, 10000
0.0164681860727, 0, 10000
0.0330521906113, 10, 10000
0.0602832966574, 69, 10000
0.0116828411008, 0, 10000
0.0232126934922, 0, 10000
0.0407437254533, 1, 10000
0.0195583656509, 0, 10000
0.0262739337022, 3, 10000
0.0183889070764, 0, 10000
0.0542341925052, 52, 10000
0.0268471951844, 13, 10000
0.0241454410485, 1, 10000
0.0152713290179, 2, 10000
0.0766076967254, 102, 10000
0.0172127058352, 1, 10000
0.0144241944672, 0, 10000
0.0200468643353, 1, 10000
0.0299435596654, 9, 10000
0.0256050167777, 7, 10000
0.0418997058848, 0, 10000
0.0164194576472, 2, 10000
0.0188019135615, 1, 10000
0.0155572410034, 1, 10000
0.0348904779213, 11, 10000
0.015869747309, 1, 10000
0.0405172840093, 2, 10000
0.0426981061853, 4, 10000
0.0139758397361, 0, 10000
0.0475155248732, 41, 10000
0.023536655454, 0, 10000
0.0460085966447, 36, 10000
0.0167228829907, 0, 10000
0.0378890092209, 13, 10000
0.0208958248771, 4, 10000
0.0494729248583, 23, 10000
0.0120777014899, 0, 10000
0.0557047799888, 52, 10000
0.012387670346, 0, 10000
0.0252583417407, 0, 10000
0.0500990541042, 9, 10000
0.0128457758722, 0, 10000
0.0132576636452, 2, 10000
0.0907141581238, 181, 10000
0.0145191118996, 0, 10000
0.0136943282562, 1, 10000
0.0233593433255, 2, 10000
0.0194943625635, 1, 10000
0.0389973484474, 5, 10000
0.0561797810938, 58, 10000
0.0239542764163, 4, 10000
0.0390298157964, 1, 10000
0.0135897913632, 0, 10000
0.047725156271, 20, 10000
0.0189325233763, 4, 10000
0.0171937563714, 4, 10000
0.0235688765195, 2, 10000
0.0162572193803, 1, 10000
0.0217537258969, 0, 10000
0.0194996832622, 0, 10000
0.0412823211456, 9, 10000
0.0200402885185, 0, 10000
0.0253809053294, 2, 10000
0.0755331914392, 72, 10000
0.0128484359305, 0, 10000
0.0260284226256, 3, 10000
0.018152449787, 0, 10000
0.0414783480135, 10, 10000
0.0267884716075, 7, 10000
0.0213281799405, 1, 10000
0.0138897593853, 0, 10000
0.0126060385048, 0, 10000
0.0137269948752, 0, 10000
0.0316424677044, 1, 10000
0.0201382690012, 2, 10000
0.0126520026082, 0, 10000
0.0146687977612, 1, 10000
0.0592887203423, 76, 10000
0.0523670032316, 33, 10000
0.0316732322032, 0, 10000
0.0124042638251, 0, 10000
0.0207282115579, 0, 10000
0.0199195391487, 7, 10000
0.0184655096238, 4, 10000
0.0231302795799, 3, 10000
0.0533867577676, 29, 10000
0.0121769154634, 2, 10000
0.0183953746167, 5, 10000
0.0144921981905, 3, 10000
0.0236897065185, 1, 10000
0.0270815644132, 0, 10000
0.075117863412, 121, 10000
0.0469761036379, 24, 10000
0.0771494825253, 96, 10000
0.0729588850109, 111, 10000
0.0477132011049, 33, 10000
0.0164439967985, 0, 10000
0.0175590554841, 2, 10000
0.0196261706069, 0, 10000
0.0289873729241, 10, 10000
0.0730813762801, 130, 10000
0.0279742118133, 11, 10000
0.0136532680967, 2, 10000
0.0211784233179, 4, 10000
0.0693722712424, 26, 10000
0.016803543694, 2, 10000
0.024640021837, 1, 10000
0.0405032524678, 11, 10000
0.0191705435206, 1, 10000
0.0143499758236, 4, 10000
0.0203146739203, 1, 10000
0.0161842672765, 2, 10000
0.0496755903172, 33, 10000
0.0492198934225, 35, 10000
0.0294005985894, 7, 10000
0.0294760112185, 7, 10000
0.015125156049, 0, 10000
0.0220096269349, 2, 10000
0.0761395668939, 80, 10000
0.0139671542953, 2, 10000
0.0305426357333, 1, 10000
0.0139607012251, 3, 10000
0.0153341873791, 0, 10000
0.0129026450339, 0, 10000
0.0473480750469, 19, 10000
0.0358492566649, 25, 10000
0.0275449595295, 0, 10000
0.0735039892309, 143, 10000
0.0168400638067, 0, 10000
0.0156458453453, 1, 10000
0.0132994740373, 0, 10000
0.0210123111467, 4, 10000
0.074433374828, 82, 10000
0.020654219256, 6, 10000
0.0194928201971, 2, 10000
0.0571727373706, 55, 10000
0.0635112261912, 50, 10000
0.0149399159756, 1, 10000
0.0175267968704, 0, 10000
0.0477354608149, 25, 10000
0.0458451480056, 21, 10000
0.0130475382622, 0, 10000
0.014282156882, 0, 10000
0.0878097809471, 193, 10000
0.0301691773143, 1, 10000
0.0868108789201, 164, 10000
0.0493532187525, 1, 10000
0.0153895584725, 1, 10000
0.0192145074108, 0, 10000
0.0233833695502, 0, 10000
0.0295748188634, 6, 10000
0.0161626034174, 2, 10000
0.023477322314, 5, 10000
0.0240298316427, 0, 10000
0.0237201714823, 0, 10000
0.0134312274193, 0, 10000
0.0161626581146, 4, 10000
0.0603687718093, 33, 10000
0.0222102132816, 0, 10000
0.0147477575744, 0, 10000
0.0230517512958, 7, 10000
0.0171772027448, 0, 10000
0.0414207046066, 33, 10000
0.0130917704362, 1, 10000
0.0240949658685, 2, 10000
0.0239076961331, 1, 10000
0.0390036955947, 34, 10000
0.08897363067, 254, 10000
0.0129868201411, 0, 10000
0.0496107255894, 40, 10000
0.0186686489726, 0, 10000
0.0139917804112, 1, 10000
0.0120815959029, 0, 10000
0.0120902087629, 0, 10000
0.0133362383197, 0, 10000
0.0258660527216, 9, 10000
0.0474896602923, 22, 10000
0.0167916566038, 1, 10000
0.0779177083391, 102, 10000
0.0147882923318, 0, 10000
0.0283095269843, 12, 10000
0.0166224159007, 1, 10000
0.0265823273483, 5, 10000
0.0235053111058, 0, 10000
0.013081504056, 1, 10000
0.0154018067063, 4, 10000
0.0254633400877, 3, 10000
0.0500947580912, 49, 10000
0.025275968595, 0, 10000
0.0180061341428, 0, 10000
0.0123693867584, 1, 10000
0.0151997423172, 2, 10000
0.0241908989257, 5, 10000
0.0484028540611, 43, 10000
0.0548502347027, 57, 10000
0.0192374560047, 1, 10000
0.0161990499109, 2, 10000
0.0561738006848, 45, 10000
0.0646159270682, 67, 10000
0.0157845940712, 0, 10000
0.0130758468949, 1, 10000
0.0161384587187, 1, 10000
0.0235997440803, 1, 10000
0.043204532645, 24, 10000
0.0343995058302, 25, 10000
0.0127571215387, 1, 10000
0.0140654196369, 0, 10000
0.0779376239334, 94, 10000
0.018318723415, 3, 10000
0.078592028068, 166, 10000
0.0138543327417, 1, 10000
0.0131355969894, 0, 10000
0.0441299201351, 29, 10000
0.0656628916921, 84, 10000
0.0574362100234, 43, 10000
0.0169925869689, 1, 10000
0.0334501777055, 2, 10000
0.0301344393435, 0, 10000
0.0962557025011, 212, 10000
0.0124626135044, 1, 10000
0.0187176363074, 0, 10000
0.0256231701869, 5, 10000
0.0152540371573, 0, 10000
0.0234276878459, 6, 10000
0.0142542970076, 0, 10000
0.0124416986734, 0, 10000
0.0254807468021, 8, 10000
0.0148092211335, 1, 10000
0.0468954588916, 14, 10000
0.0173229374251, 3, 10000
0.0237299351989, 12, 10000
0.0140894236829, 1, 10000
0.0274374631065, 8, 10000
0.0155373364062, 2, 10000
0.036438608889, 0, 10000
0.0291881247403, 0, 10000
0.0680874828746, 109, 10000
0.0139095233963, 0, 10000
0.015188097381, 0, 10000
0.0871623671128, 224, 10000
0.0338525098004, 0, 10000
0.0872078250458, 243, 10000
0.023943503013, 9, 10000
0.0142813376716, 0, 10000
0.0132995632288, 1, 10000
0.0930790624154, 194, 10000
0.0131407438091, 1, 10000
0.0397140666379, 1, 10000
0.0273084116734, 3, 10000
0.0260840477944, 3, 10000
0.0377237745144, 14, 10000
0.0562474248257, 48, 10000
0.0168253405601, 0, 10000
0.0126835359211, 1, 10000
0.0149426739471, 3, 10000
0.0595013634046, 71, 10000
0.0647339358252, 98, 10000
0.0301941629063, 12, 10000
0.01538493417, 1, 10000
0.040337326072, 26, 10000
0.0261008304545, 9, 10000
0.0353199244046, 12, 10000
0.0258476450208, 3, 10000
0.0658684545746, 45, 10000
0.0244878180019, 1, 10000
0.0139841683103, 1, 10000
0.0384035823772, 0, 10000
0.0241228941056, 9, 10000
0.0145718304032, 3, 10000
0.111308388881, 364, 10000
0.0147428864406, 1, 10000
0.0481517321372, 25, 10000
0.014299038263, 0, 10000
0.0155736779131, 1, 10000
0.0128909348463, 0, 10000
0.0340539537021, 11, 10000
0.0253908102077, 0, 10000
0.0765055431258, 150, 10000
0.0235623131688, 6, 10000
0.0517545891081, 30, 10000
0.0147998985819, 0, 10000
0.0168362741803, 2, 10000
0.0746501128272, 71, 10000
0.0155820343786, 1, 10000
0.0594995391838, 74, 10000
0.0382991861396, 28, 10000
0.0185096802879, 0, 10000
0.0170771500624, 2, 10000
0.0229820969707, 10, 10000
0.0780320341807, 167, 10000
0.030795642388, 0, 10000
0.0144541682776, 0, 10000
0.0394199847205, 1, 10000
0.0147338397199, 2, 10000
0.0183408917244, 4, 10000
0.0166398257877, 0, 10000
0.0497614833937, 5, 10000
0.0302748083608, 15, 10000
0.0198347000488, 3, 10000
0.0147764479228, 3, 10000
0.0163014206282, 3, 10000
0.0130757633394, 2, 10000
0.0155887865319, 1, 10000
0.0143212207487, 1, 10000
0.101903312066, 244, 10000
0.0152015968099, 2, 10000
0.0257929621137, 0, 10000
0.0506964916448, 39, 10000
0.0179347949186, 0, 10000
0.031368036472, 0, 10000
0.0231580259667, 3, 10000
0.0202641467384, 1, 10000
0.0492966448397, 39, 10000
0.018450522109, 0, 10000
0.051866361643, 41, 10000
0.117741782907, 480, 10000
0.0931727714967, 310, 10000
0.0125266355651, 2, 10000
0.0372139481866, 20, 10000
0.0273510610438, 0, 10000
0.0235539056973, 7, 10000
0.0168675572057, 3, 10000
0.0330722617469, 9, 10000
0.0226071308968, 0, 10000
0.0151210843337, 1, 10000
0.0147932143456, 0, 10000
0.0876942090371, 258, 10000
0.0178002119503, 0, 10000
0.0136686381016, 0, 10000
0.085788444291, 253, 10000
0.102346918293, 249, 10000
0.0175064931694, 1, 10000
0.0859544239277, 161, 10000
0.0135000271027, 1, 10000
0.0790690231085, 186, 10000
0.0162054883527, 1, 10000
0.0364648550466, 16, 10000
0.0135133027234, 1, 10000
0.0149193229652, 1, 10000
0.0916288258972, 200, 10000
0.0126938231846, 1, 10000
0.0184029778224, 0, 10000
0.0331714365039, 9, 10000
0.0153966634709, 1, 10000
0.0381553429785, 0, 10000
0.032603414362, 11, 10000
0.0150199557559, 2, 10000
0.0302595353138, 4, 10000
0.0418452417153, 1, 10000
0.0155428087617, 6, 10000
0.0153932415615, 0, 10000
0.0614420762669, 31, 10000
0.048857905925, 43, 10000
0.0225696130669, 2, 10000
0.0208907279002, 3, 10000
0.0133710235265, 0, 10000
0.0322658591791, 0, 10000
0.0133120758282, 0, 10000
0.0476823219823, 39, 10000
0.0163348834108, 2, 10000
0.025959695782, 8, 10000
0.0243946127428, 1, 10000
0.0301114068382, 0, 10000
0.0315536509871, 3, 10000
0.040278662461, 29, 10000
0.03865309683, 27, 10000
0.0215781651556, 5, 10000
0.0434801733224, 0, 10000
0.0250149544796, 0, 10000
0.0280274188172, 4, 10000
0.0137596968802, 0, 10000
0.0489978344973, 38, 10000
0.0327906562479, 0, 10000
0.0164157896872, 0, 10000
0.0148991001626, 2, 10000
0.0473008522904, 4, 10000
0.0140046291034, 3, 10000
0.0860082459886, 246, 10000
0.0198282492113, 7, 10000
0.0155094402311, 1, 10000
0.085035822371, 232, 10000
0.0124031279966, 2, 10000
0.0226433602298, 0, 10000
0.0153681844653, 2, 10000
0.0133085675126, 1, 10000
0.0151825618946, 5, 10000
0.0169888224122, 0, 10000
0.0122779483161, 1, 10000
0.0134169240483, 1, 10000
0.0136557524002, 1, 10000
0.0518199295406, 66, 10000
0.0334032092035, 23, 10000
0.0291175920392, 1, 10000
0.0131783981476, 0, 10000
0.0386808181656, 1, 10000
0.0686680150305, 102, 10000
0.0270716770139, 2, 10000
0.0234068072045, 0, 10000
0.030602742928, 13, 10000
0.0136863114383, 0, 10000
0.052155533279, 11, 10000
0.0166987875521, 2, 10000
0.083367611461, 179, 10000
0.0698481785752, 100, 10000
0.0251277078545, 9, 10000
0.0263159508195, 11, 10000
0.0633582898584, 86, 10000
0.0255270774306, 0, 10000
0.0185136789832, 2, 10000
0.110236751682, 376, 10000
0.0273123206009, 7, 10000
0.013485588927, 0, 10000
0.0274506231181, 1, 10000
0.043718573429, 26, 10000
0.0150152588956, 1, 10000
0.020329415016, 5, 10000
0.0432296765085, 1, 10000
0.0134001891989, 1, 10000
0.0157860771165, 1, 10000
0.0191452604562, 3, 10000
0.017953980726, 0, 10000
0.0139643594932, 0, 10000
0.0981170069271, 248, 10000
0.0364301983199, 16, 10000
0.0606768211906, 16, 10000
0.052603345316, 7, 10000
0.024777819341, 5, 10000
0.0152627984259, 0, 10000
0.015506368516, 1, 10000
0.0148425462387, 0, 10000
0.017094896297, 0, 10000
0.0155318441728, 2, 10000
0.0209690894143, 6, 10000
0.0270014741968, 0, 10000
0.0186042755606, 0, 10000
0.0804111714536, 121, 10000
0.0526747708299, 61, 10000
0.0420602420107, 28, 10000
0.019343071702, 4, 10000
0.0190127109632, 0, 10000
0.0192554070803, 2, 10000
0.0126914983963, 2, 10000
0.0130973296822, 0, 10000
0.0162479205677, 4, 10000
0.0207063673824, 4, 10000
0.0195736818529, 9, 10000
0.0338277292652, 0, 10000
0.0123692195652, 0, 10000
0.0181582377481, 0, 10000
0.0141003690829, 0, 10000
0.0312725581825, 19, 10000
0.0188483331791, 3, 10000
0.0673624525784, 84, 10000
0.0725903759534, 110, 10000
0.0304547247313, 13, 10000
0.0413739406526, 22, 10000
0.0140215617559, 4, 10000
0.0214207088263, 3, 10000
0.0136213137161, 2, 10000
0.0632563792581, 76, 10000
0.0132173599203, 1, 10000
0.023314239307, 3, 10000
0.0541946352736, 11, 10000
0.017144065204, 3, 10000
0.0382655865827, 0, 10000
0.0524702502266, 47, 10000
0.0475234695071, 22, 10000
0.0241493418841, 3, 10000
0.014812358272, 3, 10000
0.0153465232518, 0, 10000
0.0635612487555, 63, 10000
0.0310343962846, 17, 10000
0.0144157771748, 0, 10000
0.0378528209745, 15, 10000
0.0489087070716, 24, 10000
0.0141345767344, 2, 10000
0.0250197626533, 0, 10000
0.0486265937053, 41, 10000
0.0578869081026, 63, 10000
0.0492755489747, 2, 10000
0.041496648828, 35, 10000
0.0697074789051, 72, 10000
0.0378078063493, 0, 10000
0.0180850410812, 4, 10000
0.0164144593237, 1, 10000
0.0344232370999, 11, 10000
0.017436289742, 0, 10000
0.0456015555103, 6, 10000
0.0382727890645, 2, 10000
0.0489755166234, 2, 10000
0.014182863467, 1, 10000
0.0204693868824, 3, 10000
0.0557880892768, 55, 10000
0.0268709561853, 7, 10000
0.0211581689804, 0, 10000
0.0152802873108, 0, 10000
0.0321775567895, 0, 10000
0.0220770692557, 0, 10000
0.0185516443717, 0, 10000
0.0317102107972, 11, 10000
0.068806600002, 82, 10000
0.0148577200311, 2, 10000
0.0205187117237, 1, 10000
0.017115013242, 2, 10000
0.0130468663913, 0, 10000
0.0182608877658, 0, 10000
0.026377690228, 1, 10000
0.0176639992833, 5, 10000
0.0199642125966, 4, 10000
0.0131603003745, 2, 10000
0.021444347023, 0, 10000
0.0637732797372, 49, 10000
0.0650972850768, 75, 10000
0.020906697625, 1, 10000
0.0120108243343, 2, 10000
0.0255550615645, 1, 10000
0.0193371660447, 0, 10000
0.0128824869735, 2, 10000
0.0120176038703, 0, 10000
0.0156951549985, 0, 10000
0.0352131234062, 18, 10000
0.0253758438231, 0, 10000
0.0520249066864, 25, 10000
0.018689589599, 0, 10000
0.01786407174, 0, 10000
0.0131748683576, 0, 10000
0.0141630122055, 1, 10000
0.0219944875296, 1, 10000
0.059480823983, 59, 10000
0.0172095184435, 3, 10000
0.0254981993419, 3, 10000
0.0186987716822, 5, 10000
0.0165427070771, 0, 10000
0.0586207502033, 68, 10000
0.0502962993381, 54, 10000
0.0148438212127, 3, 10000
0.028071412879, 0, 10000
0.0759927003971, 153, 10000
0.0128978910618, 2, 10000
0.0235340743687, 0, 10000
0.0159932074982, 3, 10000
0.0319064042852, 15, 10000
0.0267660053849, 7, 10000
0.033667597265, 0, 10000
0.0577942425772, 64, 10000
0.0186168439797, 1, 10000
0.0492974890124, 39, 10000
0.0159507690319, 1, 10000
0.0156030845877, 1, 10000
0.014140215959, 0, 10000
0.0751762750946, 75, 10000
0.0311330782155, 7, 10000
0.0333003386101, 9, 10000
0.0709662587459, 115, 10000
0.0146061588738, 4, 10000
0.0134218462496, 1, 10000
0.0158339413613, 2, 10000
0.0338548488574, 13, 10000
0.039595708701, 26, 10000
0.0158345950818, 0, 10000
0.0186001350398, 1, 10000
0.0300355655966, 0, 10000
0.0134923440071, 0, 10000
0.0239077909971, 4, 10000
0.0170534420133, 1, 10000
0.0137678725103, 1, 10000
0.0137699061634, 0, 10000
0.0138519130439, 0, 10000
0.0311946359572, 0, 10000
0.0122845578583, 1, 10000
0.0370301469394, 0, 10000
0.0182630229993, 0, 10000
0.101882989424, 243, 10000
0.0625383445088, 68, 10000
0.0146649547788, 1, 10000
0.0156322225766, 1, 10000
0.088519704751, 253, 10000
0.0182093017366, 6, 10000
0.0511750060525, 44, 10000
0.015569390221, 1, 10000
0.0181654265654, 0, 10000
0.117567142525, 473, 10000
0.0211352096175, 0, 10000
0.0154327861064, 2, 10000
0.0214058380578, 6, 10000
0.0679949752735, 66, 10000
0.0136779762445, 1, 10000
0.0311229430078, 8, 10000
0.059131772428, 11, 10000
0.016135295056, 0, 10000
0.0138551863721, 0, 10000
0.0298400282712, 5, 10000
0.0130680664492, 0, 10000
0.0361969318368, 21, 10000
0.0196224633645, 6, 10000
0.0593689438523, 74, 10000
0.0144358482588, 2, 10000
0.0244277740913, 8, 10000
0.0129403719284, 0, 10000
0.0276103225733, 7, 10000
0.0386179055619, 2, 10000
0.0716270932554, 108, 10000
0.0141728304981, 0, 10000
0.0172247153938, 2, 10000
0.0149895362269, 3, 10000
0.0148462466275, 0, 10000
0.0197918486883, 0, 10000
0.0135290573223, 2, 10000
0.0125282289588, 1, 10000
0.0150514948013, 3, 10000
0.0265071274634, 8, 10000
0.013655193726, 0, 10000
0.0162860244907, 0, 10000
0.0226851070753, 5, 10000
0.0181649546625, 2, 10000
0.0136762553057, 1, 10000
0.0224564134072, 1, 10000
0.0139591285563, 0, 10000
0.0417881064577, 23, 10000
0.0122686682041, 0, 10000
0.0139316618801, 3, 10000
0.0255749523834, 6, 10000
0.100163937235, 244, 10000
0.0134047541059, 1, 10000
0.0263709216176, 0, 10000
0.028509140969, 0, 10000
0.0226813173523, 0, 10000
0.0406758860121, 1, 10000
0.0169798393548, 3, 10000
0.0349284482224, 23, 10000
0.0966694773728, 250, 10000
0.0153406400959, 0, 10000
0.0209744529167, 3, 10000
0.0120964171206, 2, 10000
0.0153063110994, 2, 10000
0.0213635724917, 4, 10000
0.0195442912961, 1, 10000
0.0150240986544, 1, 10000
0.0537325972893, 52, 10000
0.0159084997449, 0, 10000
0.0196746095735, 0, 10000
0.0266392720039, 1, 10000
0.029030349679, 0, 10000
0.079267546238, 127, 10000
0.0587250356103, 51, 10000
0.0256811685398, 7, 10000
0.0147543359038, 3, 10000
0.0382870927657, 26, 10000
0.0229945238536, 5, 10000
0.048050010078, 1, 10000
0.0168676554981, 0, 10000
0.0255884492453, 0, 10000
0.0564851949644, 79, 10000
0.0183957743627, 2, 10000
0.019854005807, 0, 10000
0.0124018606738, 0, 10000
0.0134813568099, 1, 10000
0.0201152760753, 2, 10000
0.0279589468207, 0, 10000
0.0322096370374, 9, 10000
0.0133177698443, 0, 10000
0.0141149997979, 1, 10000
0.0478986934981, 42, 10000
0.0205199191702, 5, 10000
0.0712842149141, 98, 10000
0.015398776136, 3, 10000
0.0146518942893, 1, 10000
0.0153823124398, 0, 10000
0.0333129306782, 0, 10000
0.0168673040419, 0, 10000
0.0142062572096, 1, 10000
0.0137213271175, 0, 10000
0.0313772233818, 0, 10000
0.0306486290364, 1, 10000
0.0207898799452, 0, 10000
0.0353009253135, 0, 10000
0.0206160265194, 8, 10000
0.0133478879914, 3, 10000
0.0133903851034, 1, 10000
0.0414906304198, 0, 10000
0.0319144205056, 1, 10000
0.0151537997433, 3, 10000
0.0375592744307, 0, 10000
0.0607487181723, 80, 10000
0.0202476386114, 6, 10000
0.0192209558738, 5, 10000
0.015248325265, 0, 10000
0.0247071013889, 0, 10000
0.0161608252274, 0, 10000
0.0584214254322, 14, 10000
0.0158020275626, 0, 10000
0.0388491547362, 3, 10000
0.0180794953517, 0, 10000
0.0196042243582, 0, 10000
0.0184363170298, 1, 10000
0.0280706544144, 8, 10000
0.0129020020479, 0, 10000
0.0134066134168, 0, 10000
0.0166501580241, 4, 10000
0.0209909205066, 0, 10000
0.0168940653439, 1, 10000
0.0178272596092, 0, 10000
0.0234561595286, 1, 10000
0.042704039608, 1, 10000
0.034768207174, 0, 10000
0.0754789859706, 121, 10000
0.0496463464713, 41, 10000
0.0300168875693, 6, 10000
0.019009334907, 3, 10000
0.0479680531792, 30, 10000
0.0143633343294, 1, 10000
0.0356687826205, 7, 10000
0.0753273859517, 168, 10000
0.01256348193, 0, 10000
0.0204674110166, 6, 10000
0.0171707674384, 2, 10000
0.0239689897539, 3, 10000
0.0221198472063, 3, 10000
0.0130484416578, 3, 10000
0.0213185581726, 4, 10000
0.028589051158, 16, 10000
0.0145920229455, 6, 10000
0.0237340540925, 0, 10000
0.094638670192, 234, 10000
0.0144130941298, 0, 10000
0.0182690383218, 0, 10000
0.0635203694035, 19, 10000
0.0144702361957, 1, 10000
0.014182819688, 2, 10000
0.0279486159127, 3, 10000
0.112449364643, 378, 10000
0.0159296537182, 0, 10000
0.0223234050152, 0, 10000
0.0131930815672, 1, 10000
0.0416839552552, 2, 10000
0.0152390719699, 0, 10000
0.014220408526, 0, 10000
0.0147508798881, 3, 10000
0.021937519595, 6, 10000
0.0209906675297, 5, 10000
0.049901320245, 33, 10000
0.0428898711915, 4, 10000
0.0322198193538, 0, 10000
0.0492446550477, 0, 10000
0.0304057515397, 6, 10000
0.019688606654, 4, 10000
0.0157434290845, 1, 10000
0.0763378841229, 152, 10000
0.0243928758312, 4, 10000
0.0214014429328, 2, 10000
0.0115104421273, 0, 10000
0.0126353437463, 0, 10000
0.0150950823265, 1, 10000
0.0279146124626, 12, 10000
0.0324322163322, 17, 10000
0.0293415923228, 0, 10000
0.0146238004709, 1, 10000
0.0163337968844, 3, 10000
0.0885507804113, 207, 10000
0.015271243136, 1, 10000
0.0207583057977, 4, 10000
0.0178682006214, 2, 10000
0.0123513140143, 0, 10000
0.0394534327579, 24, 10000
0.0177832509645, 3, 10000
0.0206570422841, 5, 10000
0.07249535071, 126, 10000
0.0148984992613, 0, 10000
0.0294575031047, 7, 10000
0.0174189289301, 2, 10000
0.0251785471291, 8, 10000
0.01270699054, 0, 10000
0.0162738973633, 1, 10000
0.025153739525, 4, 10000
0.039165177903, 25, 10000
0.0148626044863, 3, 10000
0.0142603625367, 0, 10000
0.0248365957809, 2, 10000
0.0282503772446, 0, 10000
0.0310967989585, 6, 10000
0.0318227972105, 15, 10000
0.0187046943336, 0, 10000
0.0128232376682, 1, 10000
0.0366763624651, 7, 10000
0.0415412686479, 3, 10000
0.0249999032896, 7, 10000
0.0150773853159, 0, 10000
0.0151813818697, 0, 10000
0.0274815355796, 4, 10000
0.0365207533455, 21, 10000
0.0409502473997, 2, 10000
0.0339287821093, 7, 10000
0.011543637049, 1, 10000
0.0731996127079, 90, 10000
0.0157315155723, 0, 10000
0.0599453439128, 62, 10000
0.0160921373755, 2, 10000
0.0133627553004, 1, 10000
0.0751592738192, 102, 10000
0.0152378477449, 1, 10000
0.0213968594983, 0, 10000
0.0148496876421, 1, 10000
0.0285477867921, 13, 10000
0.0157059851323, 0, 10000
0.0120051784933, 0, 10000
0.114267727989, 449, 10000
0.0211557388074, 9, 10000
0.0859031634171, 218, 10000
0.0183447402737, 1, 10000
0.04802185988, 46, 10000
0.0294128840755, 0, 10000
0.0224778118802, 2, 10000
0.0573036517742, 12, 10000
0.0287004149293, 0, 10000
0.0342089054427, 7, 10000
0.0269565503547, 7, 10000
0.0152910955227, 5, 10000
0.0156498717398, 1, 10000
0.0312111861269, 8, 10000
0.0214500828279, 8, 10000
0.0143479354452, 0, 10000
0.0148584368338, 3, 10000
0.0404285177689, 0, 10000
0.0134672930402, 1, 10000
0.0135746652867, 3, 10000
0.0185716627817, 0, 10000
0.0172572271546, 0, 10000
0.048438724673, 33, 10000
0.0395980985036, 4, 10000
0.018659380549, 1, 10000
0.0242659845427, 8, 10000
0.0768229998611, 161, 10000
0.0170840853091, 1, 10000
0.0438978367497, 19, 10000
0.0494302354247, 1, 10000
0.0451127460041, 36, 10000
0.047351573893, 5, 10000
0.0144860437358, 1, 10000
0.0603083104578, 65, 10000
0.0140478472758, 0, 10000
0.0173153568443, 0, 10000
0.0173857833507, 3, 10000
0.0440799921758, 29, 10000
0.0402522133427, 23, 10000
0.0211286082104, 0, 10000
0.0205272671722, 4, 10000
0.0275456260141, 11, 10000
0.0180323529726, 1, 10000
0.0255925611831, 8, 10000
0.035408266481, 0, 10000
0.0160170820892, 1, 10000
0.0128584574844, 1, 10000
0.0556378088526, 11, 10000
0.0181303452487, 0, 10000
0.0137283048227, 1, 10000
0.0126825161478, 0, 10000
0.0260923980336, 0, 10000
0.0157286883985, 3, 10000
0.0157200217988, 1, 10000
0.0132788399135, 1, 10000
0.0291782414438, 3, 10000
0.0168152648963, 0, 10000
0.0201882605672, 0, 10000
0.0590635458138, 65, 10000
0.0437073966297, 0, 10000
0.065192728338, 75, 10000
0.0149156381679, 1, 10000
0.0141131272498, 1, 10000
0.0141989448281, 0, 10000
0.0209638179075, 7, 10000
0.0124534923485, 2, 10000
0.0216267550892, 2, 10000
0.0285210556466, 2, 10000
0.0633501028781, 102, 10000
0.024345988721, 4, 10000
0.0151098656482, 2, 10000
0.018409974892, 0, 10000
0.012624786631, 2, 10000
0.0375955140653, 0, 10000
0.0128954536574, 1, 10000
0.0470343691244, 45, 10000
0.0289149663842, 0, 10000
0.0483219537044, 44, 10000
0.0274934297203, 2, 10000
0.0428874708136, 36, 10000
0.0271459248157, 8, 10000
0.0774901080958, 131, 10000
0.0124545236315, 0, 10000
0.0229265118238, 4, 10000
0.0132541677835, 0, 10000
0.0201327693785, 1, 10000
0.0130614734989, 1, 10000
0.0135785050317, 1, 10000
0.0210501350266, 9, 10000
0.0606962724235, 33, 10000
0.0597300772893, 70, 10000
0.0130012401631, 1, 10000
0.017285176002, 5, 10000
0.0178074527746, 1, 10000
0.0748211118062, 111, 10000
0.0883007139586, 174, 10000
0.0341096343892, 5, 10000
0.0124177374216, 1, 10000
0.0728152730282, 81, 10000
0.0472959672773, 27, 10000
0.0134448755555, 1, 10000
0.0124494401165, 0, 10000
0.025114491677, 6, 10000
0.0124418937093, 1, 10000
0.016235039076, 2, 10000
0.0152986741845, 0, 10000
0.05316588008, 20, 10000
0.0588117371, 53, 10000
0.0166257957591, 2, 10000
0.0431021549837, 1, 10000
0.0454700009268, 31, 10000
0.0282321757533, 16, 10000
0.0376039489148, 0, 10000
0.0234191580827, 0, 10000
0.022517766839, 0, 10000
0.0185844054985, 0, 10000
0.022671489903, 2, 10000
0.0140640124628, 1, 10000
0.0350096334792, 19, 10000
0.0549391294811, 24, 10000
0.0508521327421, 40, 10000
0.045946284797, 5, 10000
0.0209157423746, 6, 10000
0.0144649512262, 3, 10000
0.0183498891145, 4, 10000
0.0185826613207, 1, 10000
0.0280836757546, 7, 10000
0.0772555332904, 116, 10000
0.0140818846758, 1, 10000
0.0610146941467, 39, 10000
0.0738761072653, 119, 10000
0.0183874930044, 4, 10000
0.0279153252844, 11, 10000
0.0138057751187, 0, 10000
0.0214034921741, 3, 10000
0.0431557038576, 29, 10000
0.0272456720096, 0, 10000
0.014134175672, 3, 10000
0.0224868948219, 4, 10000
0.0146883726767, 0, 10000
0.0154491844349, 4, 10000
0.0912890986845, 320, 10000
0.0135065236447, 1, 10000
0.0924761341653, 300, 10000
0.0128048960213, 1, 10000
0.0159843008754, 3, 10000
0.0143309887416, 0, 10000
0.0278319541861, 7, 10000
0.0305239872596, 5, 10000
0.0164593871872, 1, 10000
0.0661123879808, 24, 10000
0.0146395862879, 1, 10000
0.0150667375039, 0, 10000
0.0163464051665, 1, 10000
